LABEL,ID,TRACK_ID,QUALITY,POSITION_X,POSITION_Y,POSITION_Z,POSITION_T,FRAME,RADIUS,VISIBILITY,MANUAL_SPOT_COLOR,MEAN_INTENSITY_CH1,MEDIAN_INTENSITY_CH1,MIN_INTENSITY_CH1,MAX_INTENSITY_CH1,TOTAL_INTENSITY_CH1,STD_INTENSITY_CH1,CONTRAST_CH1,SNR_CH1,ELLIPSE_X0,ELLIPSE_Y0,ELLIPSE_MAJOR,ELLIPSE_MINOR,ELLIPSE_THETA,ELLIPSE_ASPECTRATIO,AREA,PERIMETER,CIRCULARITY,SOLIDITY,SHAPE_INDEX
Label,Spot ID,Track ID,Quality,X,Y,Z,T,Frame,Radius,Visibility,Manual spot color,Mean intensity ch1,Median intensity ch1,Min intensity ch1,Max intensity ch1,Sum intensity ch1,Std intensity ch1,Contrast ch1,Signal/Noise ratio ch1,Ellipse center x0,Ellipse center y0,Ellipse long axis,Ellipse short axis,Ellipse angle,Ellipse aspect ratio,Area,Perimeter,Circularity,Solidity,Shape index
Label,Spot ID,Track ID,Quality,X,Y,Z,T,Frame,R,Visibility,Spot color,Mean ch1,Median ch1,Min ch1,Max ch1,Sum ch1,Std ch1,Ctrst ch1,SNR ch1,El. x0,El. y0,El. long axis,El. sh. axis,El. angle,El. a.r.,Area,Perim.,Circ.,Solidity,Shape index
,,,(quality),(pixel),(pixel),(pixel),(sec),,(pixel),,,(counts),(counts),(counts),(counts),(counts),(counts),,,(pixel),(pixel),(pixel),(pixel),(radians),,(pixel^2),(pixel),,,
ID518985,518985,,17.081575393676758,260.9574673728192,190.61730706029707,0.0,0.0,0,6.0,1,,162.09302325581396,255.0,0.0,255.0,20910.0,123.19588326754183,0.48910891089108904,0.8643253191903434,0.0,0.0,6.0,6.0,0.0,1.0,113.09733552923255,37.69911184307752,1.0,1.0,3.5449077018110318
ID518984,518984,,17.610679626464844,112.35381670139436,84.78587670288539,0.0,0.0,0,6.0,1,,203.6046511627907,255.0,0.0,255.0,26265.0,102.69413160301622,0.40545444648073886,1.143924488966653,0.0,0.0,6.0,6.0,0.0,1.0,113.09733552923255,37.69911184307752,1.0,1.0,3.5449077018110318
ID518979,518979,,18.415855407714844,260.79289489972837,183.54742433738153,0.0,1.0,1,6.0,1,,166.04651162790697,255.0,0.0,255.0,21420.0,122.007419117722,0.5652691049658043,0.9829688327034781,0.0,0.0,6.0,6.0,0.0,1.0,113.09733552923255,37.69911184307752,1.0,1.0,3.5449077018110318
ID518978,518978,,17.55971336364746,109.78426882240088,84.19949482203177,0.0,1.0,1,6.0,1,,205.58139534883722,255.0,0.0,255.0,26520.0,101.18753456410873,0.39972080037226615,1.160385043845743,0.0,0.0,6.0,6.0,0.0,1.0,113.09733552923255,37.69911184307752,1.0,1.0,3.5449077018110318
ID518983,518983,,18.336414337158203,264.0967936425576,178.9305438711422,0.0,2.0,2,6.0,1,,168.02325581395348,255.0,0.0,255.0,21675.0,121.36016033872852,0.44989339019189767,0.8592049938210056,0.0,0.0,6.0,6.0,0.0,1.0,113.09733552923255,37.69911184307752,1.0,1.0,3.5449077018110318
ID518982,518982,,17.079715728759766,109.50286791908401,88.99736785021808,0.0,2.0,2,6.0,1,,209.53488372093022,255.0,0.0,255.0,27030.0,97.98445719472122,0.3981372669391191,1.2179014820551852,0.0,0.0,6.0,6.0,0.0,1.0,113.09733552923255,37.69911184307752,1.0,1.0,3.5449077018110318
ID518981,518981,,18.971210479736328,264.8342494624883,174.2186059490894,0.0,3.0,3,6.0,1,,195.69767441860466,255.0,0.0,255.0,25245.0,108.14801811718272,0.524511610762993,1.2451494046811056,0.0,0.0,6.0,6.0,0.0,1.0,113.09733552923255,37.69911184307752,1.0,1.0,3.5449077018110318
ID518980,518980,,17.175247192382812,106.16792078083867,85.1575973910703,0.0,3.0,3,6.0,1,,201.62790697674419,255.0,0.0,255.0,26010.0,104.1411354370416,0.38504875406283856,1.0764874985329254,0.0,0.0,6.0,6.0,0.0,1.0,113.09733552923255,37.69911184307752,1.0,1.0,3.5449077018110318
ID518973,518973,,16.23837661743164,265.2062192840344,167.0452282587025,0.0,4.0,4,6.0,1,,142.32558139534885,255.0,0.0,255.0,18360.0,127.12882017310088,0.48384444627147916,0.7301066944974592,0.0,0.0,6.0,6.0,0.0,1.0,113.09733552923255,37.69911184307752,1.0,1.0,3.5449077018110318
ID518972,518972,,16.44485855102539,106.59591230548622,83.90423120840269,0.0,4.0,4,6.0,1,,191.74418604651163,255.0,0.0,255.0,24735.0,110.56080616776015,0.40058754632207527,0.9920605650009231,0.0,0.0,6.0,6.0,0.0,1.0,113.09733552923255,37.69911184307752,1.0,1.0,3.5449077018110318
ID518971,518971,,19.841251373291016,264.13878323324286,163.09761585314865,0.0,5.0,5,6.0,1,,168.02325581395348,255.0,0.0,255.0,21675.0,121.36016033872852,0.5305047409251987,0.9597935788594434,0.0,0.0,6.0,6.0,0.0,1.0,113.09733552923255,37.69911184307752,1.0,1.0,3.5449077018110318
ID518970,518970,,17.970510482788086,107.56925405728072,86.34070833788815,0.0,5.0,5,6.0,1,,191.74418604651163,255.0,0.0,255.0,24735.0,110.56080616776015,0.4325216025137471,1.0472675014897344,0.0,0.0,6.0,6.0,0.0,1.0,113.09733552923255,37.69911184307752,1.0,1.0,3.5449077018110318
ID518977,518977,,18.410287857055664,264.1834132892553,154.14005462439536,0.0,6.0,6,6.0,1,,179.88372093023256,255.0,0.0,255.0,23205.0,116.69515761610064,0.48910891089108915,1.0126238124384157,0.0,0.0,6.0,6.0,0.0,1.0,113.09733552923255,37.69911184307752,1.0,1.0,3.5449077018110318
ID518976,518976,,18.25923728942871,103.6256875351535,93.95590145520107,0.0,6.0,6,6.0,1,,195.69767441860466,255.0,0.0,255.0,25245.0,108.14801811718272,0.4371923321943592,1.100917411096002,0.0,0.0,6.0,6.0,0.0,1.0,113.09733552923255,37.69911184307752,1.0,1.0,3.5449077018110318
ID518975,518975,,17.343175888061523,263.5428598292226,150.36791927599805,0.0,7.0,7,6.0,1,,160.11627906976744,255.0,0.0,255.0,20655.0,123.73810725094553,0.5129657228017884,0.877447766823251,0.0,0.0,6.0,6.0,0.0,1.0,113.09733552923255,37.69911184307752,1.0,1.0,3.5449077018110318
ID518974,518974,,16.089017868041992,107.68406919555983,87.29297829172003,0.0,7.0,7,6.0,1,,199.65116279069767,255.0,0.0,255.0,25755.0,105.53099745770696,0.3648403385505579,1.011446222622141,0.0,0.0,6.0,6.0,0.0,1.0,113.09733552923255,37.69911184307752,1.0,1.0,3.5449077018110318
ID518987,518987,,18.84191131591797,84.51507372167957,119.97213717376718,0.0,8.0,8,6.0,1,,199.65116279069767,255.0,0.0,255.0,25755.0,105.53099745770696,0.4891089108910891,1.242799040326777,0.0,0.0,6.0,6.0,0.0,1.0,113.09733552923255,37.69911184307752,1.0,1.0,3.5449077018110318
ID518986,518986,,17.435922622680664,252.3675171562114,114.31084339567454,0.0,8.0,8,6.0,1,,162.09302325581396,255.0,0.0,255.0,20910.0,123.19588326754183,0.46627036024253954,0.8368003941939096,0.0,0.0,6.0,6.0,0.0,1.0,113.09733552923255,37.69911184307752,1.0,1.0,3.5449077018110318
ID518991,518991,,16.66320037841797,85.41663227507735,120.45242154839116,0.0,9.0,9,6.0,1,,181.86046511627907,255.0,0.0,255.0,23460.0,115.78041880174325,0.4182280349309171,0.9264036388584637,0.0,0.0,6.0,6.0,0.0,1.0,113.09733552923255,37.69911184307752,1.0,1.0,3.5449077018110318
ID518990,518990,,15.43054485321045,249.07877926066948,111.88216489910148,0.0,9.0,9,6.0,1,,160.11627906976744,255.0,0.0,255.0,20655.0,123.73810725094553,0.3643327509743314,0.691098458994141,0.0,0.0,6.0,6.0,0.0,1.0,113.09733552923255,37.69911184307752,1.0,1.0,3.5449077018110318
ID518989,518989,,17.47671890258789,82.83242059515675,121.14971102119902,0.0,10.0,10,6.0,1,,177.90697674418604,255.0,0.0,255.0,22950.0,117.56929086317476,0.4641744548286604,0.9594392629001918,0.0,0.0,6.0,6.0,0.0,1.0,113.09733552923255,37.69911184307752,1.0,1.0,3.5449077018110318
ID518988,518988,,17.11182403564453,244.49394928653288,105.17460972549527,0.0,10.0,10,6.0,1,,168.02325581395348,255.0,0.0,255.0,21675.0,121.36016033872852,0.5257918984078486,0.9542053241350857,0.0,0.0,6.0,6.0,0.0,1.0,113.09733552923255,37.69911184307752,1.0,1.0,3.5449077018110318
ID518993,518993,,18.75661849975586,85.17304072505338,118.0880597678218,0.0,11.0,11,6.0,1,,191.74418604651163,255.0,0.0,255.0,24735.0,110.56080616776015,0.5252592840414855,1.1944859987932315,0.0,0.0,6.0,6.0,0.0,1.0,113.09733552923255,37.69911184307752,1.0,1.0,3.5449077018110318
ID518992,518992,,16.326589584350586,243.14522143608835,101.59354832782519,0.0,11.0,11,6.0,1,,156.1627906976744,255.0,0.0,255.0,20145.0,124.72080010828658,0.4202247191011236,0.7409573272256005,0.0,0.0,6.0,6.0,0.0,1.0,113.09733552923255,37.69911184307752,1.0,1.0,3.5449077018110318
ID518997,518997,,18.65992546081543,88.0102891547281,113.78216787080011,0.0,12.0,12,6.0,1,,193.72093023255815,255.0,0.0,255.0,24990.0,109.37906969172809,0.4661785771128441,1.1262576623309626,0.0,0.0,6.0,6.0,0.0,1.0,113.09733552923255,37.69911184307752,1.0,1.0,3.5449077018110318
ID518996,518996,,18.106420516967773,240.20998457319848,102.00268618518436,0.0,12.0,12,6.0,1,,162.09302325581396,255.0,0.0,255.0,20910.0,123.19588326754183,0.46627036024253954,0.8368003941939096,0.0,0.0,6.0,6.0,0.0,1.0,113.09733552923255,37.69911184307752,1.0,1.0,3.5449077018110318
ID518995,518995,,17.197710037231445,84.3594046926186,117.57112748885051,0.0,13.0,13,6.0,1,,175.93023255813952,255.0,0.0,255.0,22695.0,118.40371787649534,0.48910891089108915,0.9760773739005235,0.0,0.0,6.0,6.0,0.0,1.0,113.09733552923255,37.69911184307752,1.0,1.0,3.5449077018110318
ID518994,518994,,17.182302474975586,226.77057442819105,88.71007054214682,0.0,13.0,13,6.0,1,,164.06976744186048,255.0,0.0,255.0,21165.0,122.61915034763854,0.4621096769659632,0.8457954943794496,0.0,0.0,6.0,6.0,0.0,1.0,113.09733552923255,37.69911184307752,1.0,1.0,3.5449077018110318
ID519003,519003,,19.505294799804688,85.56006004813987,116.7142227694586,0.0,14.0,14,6.0,1,,193.72093023255815,255.0,0.0,255.0,24990.0,109.37906969172809,0.4891089108910891,1.1634599255028715,0.0,0.0,6.0,6.0,0.0,1.0,113.09733552923255,37.69911184307752,1.0,1.0,3.5449077018110318
ID519002,519002,,18.008224487304688,214.02408151925997,78.31349041784769,0.0,14.0,14,6.0,1,,164.06976744186048,255.0,0.0,255.0,21165.0,122.61915034763854,0.5315306472984247,0.9287586556114784,0.0,0.0,6.0,6.0,0.0,1.0,113.09733552923255,37.69911184307752,1.0,1.0,3.5449077018110318
ID519001,519001,,18.637393951416016,88.69836907616592,119.72634616636293,0.0,15.0,15,6.0,1,,193.72093023255815,255.0,0.0,255.0,24990.0,109.37906969172809,0.4891089108910891,1.1634599255028715,0.0,0.0,6.0,6.0,0.0,1.0,113.09733552923255,37.69911184307752,1.0,1.0,3.5449077018110318
ID519000,519000,,17.266061782836914,204.95839225572277,79.93274037056861,0.0,15.0,15,6.0,1,,162.09302325581396,255.0,0.0,255.0,20910.0,123.19588326754183,0.45290042882050796,0.8202854391960492,0.0,0.0,6.0,6.0,0.0,1.0,113.09733552923255,37.69911184307752,1.0,1.0,3.5449077018110318
ID518999,518999,,17.89911460876465,85.37643765495781,117.68892271478761,0.0,16.0,16,6.0,1,,187.7906976744186,255.0,0.0,255.0,24225.0,112.78246999330499,0.4539238033213936,1.0396897921083152,0.0,0.0,6.0,6.0,0.0,1.0,113.09733552923255,37.69911184307752,1.0,1.0,3.5449077018110318
ID518998,518998,,15.455830574035645,191.557140509793,70.3900879471335,0.0,16.0,16,6.0,1,,130.46511627906978,255.0,0.0,255.0,16830.0,127.96246071307085,0.49489473208638296,0.6750625846767222,0.0,0.0,6.0,6.0,0.0,1.0,113.09733552923255,37.69911184307752,1.0,1.0,3.5449077018110318
ID519011,519011,,18.375337600708008,86.41848930837972,123.55842839449274,0.0,17.0,17,6.0,1,,181.86046511627907,255.0,0.0,255.0,23460.0,115.78041880174325,0.48088531187122735,1.0201247010388317,0.0,0.0,6.0,6.0,0.0,1.0,113.09733552923255,37.69911184307752,1.0,1.0,3.5449077018110318
ID519010,519010,,15.389700889587402,188.74858716025136,71.98885046161256,0.0,17.0,17,6.0,1,,146.27906976744185,255.0,0.0,255.0,18870.0,126.60111921554217,0.4539753873487837,0.7215225244069561,0.0,0.0,6.0,6.0,0.0,1.0,113.09733552923255,37.69911184307752,1.0,1.0,3.5449077018110318
ID519009,519009,,19.291122436523438,86.14175219704323,119.9808428527038,0.0,18.0,18,6.0,1,,164.06976744186048,255.0,0.0,255.0,21165.0,122.61915034763854,0.6186302222452736,1.0227835716744444,0.0,0.0,6.0,6.0,0.0,1.0,113.09733552923255,37.69911184307752,1.0,1.0,3.5449077018110318
ID519008,519008,,14.957667350769043,190.78130377858665,74.68147947517699,0.0,18.0,18,6.0,1,,118.6046511627907,0.0,0.0,255.0,15300.0,127.68518528277939,0.6664819944598338,0.7429832115999268,0.0,0.0,6.0,6.0,0.0,1.0,113.09733552923255,37.69911184307752,1.0,1.0,3.5449077018110318
ID519005,519005,,17.907882690429688,86.90682086270495,115.779062384714,0.0,19.0,19,6.0,1,,177.90697674418604,255.0,0.0,255.0,22950.0,117.56929086317476,0.4600996699242767,0.9536708221417034,0.0,0.0,6.0,6.0,0.0,1.0,113.09733552923255,37.69911184307752,1.0,1.0,3.5449077018110318
ID519004,519004,,13.771831512451172,199.28173294799572,75.41191354529602,0.0,19.0,19,6.0,1,,130.46511627906978,255.0,0.0,255.0,16830.0,127.96246071307085,0.46083885209713016,0.6432630325776544,0.0,0.0,6.0,6.0,0.0,1.0,113.09733552923255,37.69911184307752,1.0,1.0,3.5449077018110318
ID519007,519007,,17.521230697631836,83.19229959108706,101.29047719189145,0.0,20.0,20,6.0,1,,168.02325581395348,255.0,0.0,255.0,21675.0,121.36016033872852,0.3473861720067454,0.7139103709877066,0.0,0.0,6.0,6.0,0.0,1.0,113.09733552923255,37.69911184307752,1.0,1.0,3.5449077018110318
ID519006,519006,,17.17978858947754,184.15267834774602,60.338702645739644,0.0,20.0,20,6.0,1,,138.37209302325581,255.0,0.0,255.0,17850.0,127.5308828877001,0.539676504138758,0.7606189965579507,0.0,0.0,6.0,6.0,0.0,1.0,113.09733552923255,37.69911184307752,1.0,1.0,3.5449077018110318
ID519013,519013,,14.614690780639648,83.46790653719155,92.94236904921125,0.0,21.0,21,6.0,1,,164.06976744186048,255.0,0.0,255.0,21165.0,122.61915034763854,0.3009295927300013,0.6190295203452372,0.0,0.0,6.0,6.0,0.0,1.0,113.09733552923255,37.69911184307752,1.0,1.0,3.5449077018110318
ID519012,519012,,15.090808868408203,179.8812889610262,55.64164621344183,0.0,21.0,21,6.0,1,,122.55813953488372,0.0,0.0,255.0,15810.0,127.90089589800245,0.4709278480613307,0.6135664037017798,0.0,0.0,6.0,6.0,0.0,1.0,113.09733552923255,37.69911184307752,1.0,1.0,3.5449077018110318
ID519019,519019,,17.70650863647461,83.30596610940322,98.0106945124891,0.0,22.0,22,6.0,1,,203.6046511627907,255.0,0.0,255.0,26265.0,102.69413160301622,0.4636985524774178,1.2561923969686162,0.0,0.0,6.0,6.0,0.0,1.0,113.09733552923255,37.69911184307752,1.0,1.0,3.5449077018110318
ID519018,519018,,15.395851135253906,172.92193949820455,56.12566696546623,0.0,22.0,22,6.0,1,,122.55813953488372,0.0,0.0,255.0,15810.0,127.90089589800245,0.5598006088789268,0.6878010741034288,0.0,0.0,6.0,6.0,0.0,1.0,113.09733552923255,37.69911184307752,1.0,1.0,3.5449077018110318
ID519015,519015,,17.479976654052734,84.38886241519023,100.61574709014218,0.0,23.0,23,6.0,1,,191.74418604651163,255.0,0.0,255.0,24735.0,110.56080616776015,0.40058754632207527,0.9920605650009231,0.0,0.0,6.0,6.0,0.0,1.0,113.09733552923255,37.69911184307752,1.0,1.0,3.5449077018110318
ID519014,519014,,13.555370330810547,169.14242520615866,58.19152468605265,0.0,23.0,23,6.0,1,,120.5813953488372,0.0,0.0,255.0,15555.0,127.80849307132446,0.4891089108910892,0.6197687852681958,0.0,0.0,6.0,6.0,0.0,1.0,113.09733552923255,37.69911184307752,1.0,1.0,3.5449077018110318
ID519017,519017,,17.794830322265625,84.26619631258755,97.3103807994917,0.0,24.0,24,6.0,1,,189.7674418604651,255.0,0.0,255.0,24480.0,111.69479282484943,0.4283000949667617,1.018937339634283,0.0,0.0,6.0,6.0,0.0,1.0,113.09733552923255,37.69911184307752,1.0,1.0,3.5449077018110318
ID519016,519016,,16.83773422241211,166.8594082046788,57.30087309618902,0.0,24.0,24,6.0,1,,130.46511627906978,255.0,0.0,255.0,16830.0,127.96246071307085,0.549063670411985,0.722761912825324,0.0,0.0,6.0,6.0,0.0,1.0,113.09733552923255,37.69911184307752,1.0,1.0,3.5449077018110318
ID519021,519021,,17.395612716674805,81.52818270967968,99.44894638454252,0.0,25.0,25,6.0,1,,183.8372093023256,255.0,0.0,255.0,23715.0,114.8241039793086,0.4415929750788449,0.9808663774954636,0.0,0.0,6.0,6.0,0.0,1.0,113.09733552923255,37.69911184307752,1.0,1.0,3.5449077018110318
ID519020,519020,,16.347623825073242,164.305799219733,56.14968871859333,0.0,25.0,25,6.0,1,,128.48837209302326,255.0,0.0,255.0,16575.0,127.99323201583928,0.609271087113979,0.7601305322952157,0.0,0.0,6.0,6.0,0.0,1.0,113.09733552923255,37.69911184307752,1.0,1.0,3.5449077018110318
ID519025,519025,,18.780982971191406,85.29400122424403,104.99587784929183,0.0,26.0,26,6.0,1,,181.86046511627907,255.0,0.0,255.0,23460.0,115.78041880174325,0.45675061062915867,0.9849793027211938,0.0,0.0,6.0,6.0,0.0,1.0,113.09733552923255,37.69911184307752,1.0,1.0,3.5449077018110318
ID519024,519024,,13.167872428894043,162.42086933220799,62.99290908557845,0.0,26.0,26,6.0,1,,112.67441860465117,0.0,0.0,255.0,14535.0,127.12882017310096,0.5302559708685874,0.6142324969340558,0.0,0.0,6.0,6.0,0.0,1.0,113.09733552923255,37.69911184307752,1.0,1.0,3.5449077018110318
ID519023,519023,,16.632795333862305,83.49107379337254,101.21346534972017,0.0,27.0,27,6.0,1,,160.11627906976744,255.0,0.0,255.0,20655.0,123.73810725094553,0.3884026258205689,0.723983630963984,0.0,0.0,6.0,6.0,0.0,1.0,113.09733552923255,37.69911184307752,1.0,1.0,3.5449077018110318
ID519022,519022,,15.290177345275879,161.08640557243436,58.60752788415812,0.0,27.0,27,6.0,1,,132.4418604651163,255.0,0.0,255.0,17085.0,127.90089589800229,0.554294175715696,0.7385650928996847,0.0,0.0,6.0,6.0,0.0,1.0,113.09733552923255,37.69911184307752,1.0,1.0,3.5449077018110318
ID519027,519027,,18.006216049194336,82.4035755473225,99.18491692319284,0.0,28.0,28,6.0,1,,181.86046511627907,255.0,0.0,255.0,23460.0,115.78041880174325,0.42956917036883974,0.9439763380172828,0.0,0.0,6.0,6.0,0.0,1.0,113.09733552923255,37.69911184307752,1.0,1.0,3.5449077018110318
ID519026,519026,,15.945277214050293,152.58297577214017,57.73019935001195,0.0,28.0,28,6.0,1,,136.3953488372093,255.0,0.0,255.0,17595.0,127.68518528277947,0.614637789395071,0.8132670765043915,0.0,0.0,6.0,6.0,0.0,1.0,113.09733552923255,37.69911184307752,1.0,1.0,3.5449077018110318
ID519029,519029,,18.04213523864746,74.44336179191347,113.94710839269301,0.0,29.0,29,6.0,1,,181.86046511627907,255.0,0.0,255.0,23460.0,115.78041880174325,0.48088531187122735,1.0201247010388317,0.0,0.0,6.0,6.0,0.0,1.0,113.09733552923255,37.69911184307752,1.0,1.0,3.5449077018110318
ID519028,519028,,13.522456169128418,133.08412944734587,57.5913953474,0.0,29.0,29,6.0,1,,114.65116279069767,0.0,0.0,255.0,14790.0,127.34547321918667,0.368559774082209,0.4849188986419419,0.0,0.0,6.0,6.0,0.0,1.0,113.09733552923255,37.69911184307752,1.0,1.0,3.5449077018110318
ID519031,519031,,17.810298919677734,72.03325807051215,124.24855956614819,0.0,30.0,30,6.0,1,,173.95348837209303,255.0,0.0,255.0,22440.0,119.19927252197253,0.5382255177703913,1.0212540824760692,0.0,0.0,6.0,6.0,0.0,1.0,113.09733552923255,37.69911184307752,1.0,1.0,3.5449077018110318
ID519030,519030,,14.184748649597168,120.28645069115186,66.4321712731862,0.0,30.0,30,6.0,1,,124.53488372093024,0.0,0.0,255.0,16065.0,127.96246071307068,0.3983883821836537,0.5545200964872335,0.0,0.0,6.0,6.0,0.0,1.0,113.09733552923255,37.69911184307752,1.0,1.0,3.5449077018110318
ID519033,519033,,13.76243782043457,73.45437721490485,117.11927672437606,0.0,31.0,31,6.0,1,,154.1860465116279,255.0,0.0,255.0,19890.0,125.16206790109773,0.35186337550992186,0.641273953979618,0.0,0.0,6.0,6.0,0.0,1.0,113.09733552923255,37.69911184307752,1.0,1.0,3.5449077018110318
ID519032,519032,,14.667838096618652,119.4737759077104,61.62423287342614,0.0,31.0,31,6.0,1,,122.55813953488372,0.0,0.0,255.0,15810.0,127.90089589800245,0.4709278480613307,0.6135664037017798,0.0,0.0,6.0,6.0,0.0,1.0,113.09733552923255,37.69911184307752,1.0,1.0,3.5449077018110318
ID519035,519035,,17.092559814453125,73.27114650646173,118.33518121564855,0.0,32.0,32,6.0,1,,193.72093023255815,255.0,0.0,255.0,24990.0,109.37906969172809,0.4259234177582571,1.0580535131824633,0.0,0.0,6.0,6.0,0.0,1.0,113.09733552923255,37.69911184307752,1.0,1.0,3.5449077018110318
ID519034,519034,,11.336260795593262,114.31991249754297,68.23617405185072,0.0,32.0,32,6.0,1,,114.65116279069767,0.0,0.0,255.0,14790.0,127.34547321918667,0.266066763425254,0.3784068299805925,0.0,0.0,6.0,6.0,0.0,1.0,113.09733552923255,37.69911184307752,1.0,1.0,3.5449077018110318
ID519037,519037,,18.667875289916992,76.16325909462275,129.4793225075154,0.0,33.0,33,6.0,1,,168.02325581395348,255.0,0.0,255.0,21675.0,121.36016033872852,0.454148372272903,0.8647932485453632,0.0,0.0,6.0,6.0,0.0,1.0,113.09733552923255,37.69911184307752,1.0,1.0,3.5449077018110318
ID519036,519036,,13.989850997924805,106.96831437210481,83.50858018593453,0.0,33.0,33,6.0,1,,122.55813953488372,0.0,0.0,255.0,15810.0,127.90089589800245,0.36021238731510924,0.507516874556567,0.0,0.0,6.0,6.0,0.0,1.0,113.09733552923255,37.69911184307752,1.0,1.0,3.5449077018110318
ID519039,519039,,18.747886657714844,75.82994211885372,139.42519987734508,0.0,34.0,34,6.0,1,,175.93023255813952,255.0,0.0,255.0,22695.0,118.40371787649534,0.48484714025824194,0.9703495850985779,0.0,0.0,6.0,6.0,0.0,1.0,113.09733552923255,37.69911184307752,1.0,1.0,3.5449077018110318
ID519038,519038,,15.574140548706055,93.91854973524462,100.5108931871845,0.0,34.0,34,6.0,1,,122.55813953488372,0.0,0.0,255.0,15810.0,127.90089589800245,0.41340528086822087,0.5605416391291734,0.0,0.0,6.0,6.0,0.0,1.0,113.09733552923255,37.69911184307752,1.0,1.0,3.5449077018110318
ID519041,519041,,18.319839477539062,76.12663285822168,153.22655306087552,0.0,35.0,35,6.0,1,,199.65116279069767,255.0,0.0,255.0,25755.0,105.53099745770696,0.47051306873184895,1.2106667045344663,0.0,0.0,6.0,6.0,0.0,1.0,113.09733552923255,37.69911184307752,1.0,1.0,3.5449077018110318
ID519040,519040,,11.72693920135498,80.7078611137608,125.43116823389977,0.0,35.0,35,6.0,1,,110.69767441860465,0.0,0.0,255.0,14280.0,126.8807637022824,0.5097694762126699,0.5891635839916507,0.0,0.0,6.0,6.0,0.0,1.0,113.09733552923255,37.69911184307752,1.0,1.0,3.5449077018110318
ID519045,519045,,17.352468490600586,77.46598705681387,155.56368788890842,0.0,36.0,36,6.0,1,,179.88372093023256,255.0,0.0,255.0,23205.0,116.69515761610064,0.42894132386719563,0.9254490525919801,0.0,0.0,6.0,6.0,0.0,1.0,113.09733552923255,37.69911184307752,1.0,1.0,3.5449077018110318
ID519044,519044,0,13.493152618408203,79.23857887667795,137.78598912552454,0.0,36.0,36,6.0,1,,118.6046511627907,0.0,0.0,255.0,15300.0,127.68518528277939,0.42830009496676175,0.557083006536271,0.0,0.0,6.0,6.0,0.0,1.0,113.09733552923255,37.69911184307752,1.0,1.0,3.5449077018110318
ID519043,519043,0,15.400864601135254,78.84314275918203,138.56395866443617,0.0,37.0,37,6.0,1,,171.97674418604652,255.0,0.0,255.0,22185.0,119.95672820830775,0.3539454895387099,0.7495667422434196,0.0,0.0,6.0,6.0,0.0,1.0,113.09733552923255,37.69911184307752,1.0,1.0,3.5449077018110318
ID519042,519042,,14.856148719787598,80.37179893599122,129.0002057367979,0.0,37.0,37,6.0,1,,166.04651162790697,255.0,0.0,255.0,21420.0,122.007419117722,0.3204565408252853,0.6605695338130948,0.0,0.0,6.0,6.0,0.0,1.0,113.09733552923255,37.69911184307752,1.0,1.0,3.5449077018110318
ID519046,519046,,16.855329513549805,85.88757589096092,116.4710535236001,0.0,38.0,38,6.0,1,,193.72093023255815,255.0,0.0,255.0,24990.0,109.37906969172809,0.37116490222710113,0.9588474780573735,0.0,0.0,6.0,6.0,0.0,1.0,113.09733552923255,37.69911184307752,1.0,1.0,3.5449077018110318
ID519047,519047,,14.946223258972168,94.87118286606112,101.35159862322698,0.0,39.0,39,6.0,1,,179.88372093023256,255.0,0.0,255.0,23205.0,116.69515761610064,0.2329867930307562,0.5825616638626665,0.0,0.0,6.0,6.0,0.0,1.0,113.09733552923255,37.69911184307752,1.0,1.0,3.5449077018110318
ID519048,519048,,14.74682331085205,90.6638118692532,108.25926699323777,0.0,39.0,39,6.0,1,,197.67441860465115,255.0,0.0,255.0,25500.0,106.86594718901141,0.32949101002422077,0.916852114688933,0.0,0.0,6.0,6.0,0.0,1.0,113.09733552923255,37.69911184307752,1.0,1.0,3.5449077018110318
ID519050,519050,,13.218485832214355,92.4762268685693,102.18795749833065,0.0,40.0,40,6.0,1,,207.5581395348837,255.0,0.0,255.0,26775.0,99.61864055743617,0.3161974296144421,1.0010746198536526,0.0,0.0,6.0,6.0,0.0,1.0,113.09733552923255,37.69911184307752,1.0,1.0,3.5449077018110318
ID519049,519049,,15.421971321105957,98.12200678890513,95.63872921879211,0.0,40.0,40,6.0,1,,185.8139534883721,255.0,0.0,255.0,23970.0,113.8251652372143,0.29855242853993685,0.7506390426473607,0.0,0.0,6.0,6.0,0.0,1.0,113.09733552923255,37.69911184307752,1.0,1.0,3.5449077018110318
ID519051,519051,,15.874187469482422,94.1384577033081,98.83374433304,0.0,41.0,41,6.0,1,,211.51162790697674,255.0,0.0,255.0,27285.0,96.28166007532529,0.39268900581556354,1.2388401411075511,0.0,0.0,6.0,6.0,0.0,1.0,113.09733552923255,37.69911184307752,1.0,1.0,3.5449077018110318
ID519053,519053,1,12.336143493652344,87.5143037944601,108.33022463296237,0.0,42.0,42,6.0,1,,171.97674418604652,255.0,0.0,255.0,22185.0,119.95672820830775,0.2629140606902942,0.5969186124864279,0.0,0.0,6.0,6.0,0.0,1.0,113.09733552923255,37.69911184307752,1.0,1.0,3.5449077018110318
ID519052,519052,2,15.095069885253906,91.99308805156889,99.41348132998647,0.0,42.0,42,6.0,1,,185.8139534883721,255.0,0.0,255.0,23970.0,113.8251652372143,0.3497288627510884,0.8459700163136266,0.0,0.0,6.0,6.0,0.0,1.0,113.09733552923255,37.69911184307752,1.0,1.0,3.5449077018110318
ID519055,519055,1,12.336143493652344,87.5143037944601,108.33022463296237,0.0,43.0,43,6.0,1,,171.97674418604652,255.0,0.0,255.0,22185.0,119.95672820830775,0.2629140606902942,0.5969186124864279,0.0,0.0,6.0,6.0,0.0,1.0,113.09733552923255,37.69911184307752,1.0,1.0,3.5449077018110318
ID519054,519054,2,15.095069885253906,91.99308805156889,99.41348132998647,0.0,43.0,43,6.0,1,,185.8139534883721,255.0,0.0,255.0,23970.0,113.8251652372143,0.3497288627510884,0.8459700163136266,0.0,0.0,6.0,6.0,0.0,1.0,113.09733552923255,37.69911184307752,1.0,1.0,3.5449077018110318
